10 0.000005011604270 0.000004371384330 0.000004384892840
20 0.000029822163900 0.000024353178100 0.000024308458200
30 0.000095702019900 0.000077062399000 0.000077121837400
40 0.000227572277700 0.000182870608900 0.000182997586000
50 0.000440768166400 0.000352789892500 0.000352858004700
60 0.000758976854000 0.000605808876700 0.000605983992200
70 0.001204113592000 0.000960401224800 0.000961412319000
80 0.001793281016000 0.001465591446000 0.001427920492000
90 0.002603082010400 0.002034432622400 0.002033792846000
100 0.003553826933000 0.002892199356000 0.002840373888000
200 0.028155189780000 0.022458387510000 0.022436403169000
300 0.095629872050000 0.075844277160000 0.075989153980000
400 0.225922865780000 0.178973399500000 0.179134172560000
500 0.437423519800000 0.349785488933333 0.350059808866667
600 0.755419431800000 0.602038291700000 0.599978613600000
700 1.214871263500000 0.957241061400000 0.958129219700000
800 2.000805740000000 1.436637176100000 1.428060547900000
900 3.214956296500000 2.035065403000000 2.046213273875000
1000 4.387520666400001 2.796745169466667 2.784071233266666
1500 15.741792451600000 9.525612628800001 9.458529754800001
2000 33.991668467399997 22.504224658600002 22.498387251000000
2500 96.631186947000003 44.601078542000003 43.494753132000000
3000 168.704440494000011 76.641035826999996 75.413965731000005
